255 255 255 255 255 255 255 255 255 255 255 255 255 255 255 255
255   0   0   0   0   0   0 255   0 255   0   0   0   0   0 255
255   0 255 255 255   0   0   0 255   0   0 255 255 255   0 255
255   0 255   0 247   0 255 255 255 255   0 247   0 255   0 255
255   0 255 247 255   0 255 247 247   8   0 255 247 255   0 255
255   0   0   0   0   0   0 255 255   0   0   0   0   0   0 255
255 255   0 255 255   0   0   0 255   0 255 255 255   0   0 255
255 255   0   0 247 255 255   0 255 255   0 247 255   0 255 255
255 255   0   0 255 255   0 255 255   0 255 247   0 255 255 255
255   0 255 255   8   0   0 255 255   0   0 255 255   0   0 255
255   0   0   0   0   0   0   0 255   0   0   8   0   0   0 255
255   0 255 247 255   0 255   8 247   0 255   0 255 247 255 255
255   0 255   0 247   0 255 255 255   0 255   0 255 255 255 255
255   0 255 255 255   0   0 255 255 255 255 255   0 255 255 255
255   0   0   0   0   0 255 255   0 255 255   8   0   0 255 255
255 255 255 255 255 255 255 255 255 255 255 255 255 255 255 255
255 255 255 255 255 255 255 255 255 255 255 255 255 255 255 255
255   0   0   0   0   0   0 255   0 255   0   0   0   0   0 255
255   0 255 255 255   0   0   0 255   0   0 255 255 255   0 255
255   0 255   0 247   0 255 255 255 255   0 247   0 255   0 255
255   0 255 247 255   0 255 247 247   8   0 255 247 255   0 255
255   0   0   0   0   0   0 255 255   0   0   0   0   0   0 255
255 255   0 255 255   0   0   0 255   0 255 255 255   0   0 255
255 255   0   0 247 255 255   0 255 255   0 247 255   0 255 255
255 255   0   0 255 255   0 255 255   0 255 247   0 255 255 255
255   0 255 255   8   0   0 255 255   0   0 255 255   0   0 255
255   0   0   0   0   0   0   0 255   0   0   8   0   0   0 255
255   0 255 247 255   0 255   8 247   0 255   0 255 247 255 255
255   0 255   0 247   0 255 255 255   0 255   0 255 255 255 255
255   0 255 255 255   0   0 255 255 255 255 255   0 255 255 255
255   0   0   0   0   0 255 255   0 255 255   8   0   0 255 255
255 255 255 255 255 255 255 255 255 255 255 255 255 255 255 255
255 255 255 255 255 255 255 255 255 255 255 255 255 255 255 255
255   0   0   0   0   0   0 255   0 255   0   0   0   0   0 255
255   0 255 255 255   0   0   0 255   0   0 255 255 255   0 255
255   0 255   0 247   0 255 255 255 255   0 247   0 255   0 255
255   0 255 247 255   0 255 247 247   8   0 255 247 255   0 255
255   0   0   0   0   0   0 255 255   0   0   0   0   0   0 255
255 255   0 255 255   0   0   0 255   0 255 255 255   0   0 255
255 255   0   0 247 255 255   0 255 255   0 247 255   0 255 255
255 255   0   0 255 255   0 255 255   0 255 247   0 255 255 255
255   0 255 255   8   0   0 255 255   0   0 255 255   0   0 255
255   0   0   0   0   0   0   0 255   0   0   8   0   0   0 255
255   0 255 247 255   0 255   8 247   0 255   0 255 247 255 255
255   0 255   0 247   0 255 255 255   0 255   0 255 255 255 255
255   0 255 255 255   0   0 255 255 255 255 255   0 255 255 255
255   0   0   0   0   0 255 255   0 255 255   8   0   0 255 255
255 255 255 255 255 255 255 255 255 255 255 255 255 255 255 255

255 255 255 255 255 255 255 255 255 255 255 255 255 255 255 255
255   0   0   0   0   0   0 255 255   0   0 255 255 255 255 255
255   0 255 255 255   0   0   0 255   0   0 247 255 255   0 255
255   0 255   0 247   0 255 255   0 255   0 255 255   0   0 255
255   0 255 247 255   0 255 247 247 255   8   0   0 255   8 255
255   0   0   0   0   0 255   0 255   0   0 255 255 255 255 255
255 255   0 255   8   0   0 255   0   0   0   0   0 255 255 255
255   0 255 255 247 255 255 255 255 255 255 247 255 255   0 255
255 255   0 255 247 255   0   0 255 255   0   8 255 255 255 255
255   0   0 255 255   0   0 255   0   0   0 255 255   0 255 255
255   0   0   0   0   0   0 255 255   0   0   0   0   0   0 255
255   0 255 247 255   0 255 247 255   8   0 255 247 255   0 255
255   0 255   0 247   0 255   0   0 255   0 247   0 255   0 255
255   0 255 255 255   0   0   0   0 255   0 255 255 255   0 255
255   0   0   0   0   0 255 255 255   0   0   0   0   0   0 255
255 255 255 255 255 255 255 255 255 255 255 255 255 255 255 255
255 255 255 255 255 255 255 255 255 255 255 255 255 255 255 255
255   0   0   0   0   0   0 255 255   0   0 255 255 255 255 255
255   0 255 255 255   0   0   0 255   0   0 247 255 255   0 255
255   0 255   0 247   0 255 255   0 255   0 255 255   0   0 255
255   0 255 247 255   0 255 247 247 255   8   0   0 255   8 255
255   0   0   0   0   0 255   0 255   0   0 255 255 255 255 255
255 255   0 255   8   0   0 255   0   0   0   0   0 255 255 255
255   0 255 255 247 255 255 255 255 255 255 247 255 255   0 255
255 255   0 255 247 255   0   0 255 255   0   8 255 255 255 255
255   0   0 255 255   0   0 255   0   0   0 255 255   0 255 255
255   0   0   0   0   0   0 255 255   0   0   0   0   0   0 255
255   0 255 247 255   0 255 247 255   8   0 255 247 255   0 255
255   0 255   0 247   0 255   0   0 255   0 247   0 255   0 255
255   0 255 255 255   0   0   0   0 255   0 255 255 255   0 255
255   0   0   0   0   0 255 255 255   0   0   0   0   0   0 255
255 255 255 255 255 255 255 255 255 255 255 255 255 255 255 255
255 255 255 255 255 255 255 255 255 255 255 255 255 255 255 255
255   0   0   0   0   0   0 255 255   0   0 255 255 255 255 255
255   0 255 255 255   0   0   0 255   0   0 247 255 255   0 255
255   0 255   0 247   0 255 255   0 255   0 255 255   0   0 255
255   0 255 247 255   0 255 247 247 255   8   0   0 255   8 255
255   0   0   0   0   0 255   0 255   0   0 255 255 255 255 255
255 255   0 255   8   0   0 255   0   0   0   0   0 255 255 255
255   0 255 255 247 255 255 255 255 255 255 247 255 255   0 255
255 255   0 255 247 255   0   0 255 255   0   8 255 255 255 255
255   0   0 255 255   0   0 255   0   0   0 255 255   0 255 255
255   0   0   0   0   0   0 255 255   0   0   0   0   0   0 255
255   0 255 247 255   0 255 247 255   8   0 255 247 255   0 255
255   0 255   0 247   0 255   0   0 255   0 247   0 255   0 255
255   0 255 255 255   0   0   0   0 255   0 255 255 255   0 255
255   0   0   0   0   0 255 255 255   0   0   0   0   0   0 255
255 255 255 255 255 255 255 255 255 255 255 255 255 255 255 255

255 251 238 241 248 246 246 246 255 255 243 238 238 238 241 253
255 224  92  96 191 176 172 174 248 230 123  91  95  95  94 241
248 176 185 159 193 188 247 216 200 185 124 172 143 205  95 238
251 205 121 184  69 190 147 166 217 255 124  99   0 143  95 238
253 209 107 190 101 169  75 108 140 227 120 140  99 172  91 238
246 131  44 125 147  76 112 158  68 118 147 120 124 124 123 243
246 134  43 187 217 106 127 136 123 118 171 194 206 176 170 246
246 168 216 125 136 206  92 138 138  92 152 230  69  73 210 252
246 144 165 210 127 146 142 142  63 122 146 176  74 115 224 255
246 147 167 248 235 197  97 167 102 126 149 226 229 165 224 255
243 123 124 124 120 147 130 158 174 190 147 120 124 124 123 243
238  91 172  99 140 120 177  77  90 226 120 140  99 172  91 238
238  95 143   0  99 124 225 127 109 242 124  99   0 143  95 238
238  95 205 143 172 124 138 182  75 155 124 172 143 205  95 238
241  94  95  95  91 123 210 168 203 147 123  91  95  95  94 241
253 241 238 238 238 243 252 246 252 246 243 238 238 238 241 253
255 251 238 241 248 246 246 246 255 255 243 238 238 238 241 253
255 224  92  96 191 176 172 174 248 230 123  91  95  95  94 241
248 176 185 159 193 188 247 216 200 185 124 172 143 205  95 238
251 205 121 184  69 190 147 166 217 255 124  99   0 143  95 238
253 209 107 190 101 169  75 108 140 227 120 140  99 172  91 238
246 131  44 125 147  76 112 158  68 118 147 120 124 124 123 243
246 134  43 187 217 106 127 136 123 118 171 194 206 176 170 246
246 168 216 125 136 206  92 138 138  92 152 230  69  73 210 252
246 144 165 210 127 146 142 142  63 122 146 176  74 115 224 255
246 147 167 248 235 197  97 167 102 126 149 226 229 165 224 255
243 123 124 124 120 147 130 158 174 190 147 120 124 124 123 243
238  91 172  99 140 120 177  77  90 226 120 140  99 172  91 238
238  95 143   0  99 124 225 127 109 242 124  99   0 143  95 238
238  95 205 143 172 124 138 182  75 155 124 172 143 205  95 238
241  94  95  95  91 123 210 168 203 147 123  91  95  95  94 241
253 241 238 238 238 243 252 246 252 246 243 238 238 238 241 253
255 251 238 241 248 246 246 246 255 255 243 238 238 238 241 253
255 224  92  96 191 176 172 174 248 230 123  91  95  95  94 241
248 176 185 159 193 188 247 216 200 185 124 172 143 205  95 238
251 205 121 184  69 190 147 166 217 255 124  99   0 143  95 238
253 209 107 190 101 169  75 108 140 227 120 140  99 172  91 238
246 131  44 125 147  76 112 158  68 118 147 120 124 124 123 243
246 134  43 187 217 106 127 136 123 118 171 194 206 176 170 246
246 168 216 125 136 206  92 138 138  92 152 230  69  73 210 252
246 144 165 210 127 146 142 142  63 122 146 176  74 115 224 255
246 147 167 248 235 197  97 167 102 126 149 226 229 165 224 255
243 123 124 124 120 147 130 158 174 190 147 120 124 124 123 243
238  91 172  99 140 120 177  77  90 226 120 140  99 172  91 238
238  95 143   0  99 124 225 127 109 242 124  99   0 143  95 238
238  95 205 143 172 124 138 182  75 155 124 172 143 205  95 238
241  94  95  95  91 123 210 168 203 147 123  91  95  95  94 241
253 241 238 238 238 243 252 246 252 246 243 238 238 238 241 253

254 241 238 238 238 244 247 253 255 255 244 238 238 238 241 254
241  94  96  96  91 124 171 210 224 225 124  91  96  96  94 241
238  96 206 143 172 124 177  73 115 165 124 172 143 206  96 238
238  96 143   0  99 124 206  70  74 229 124  99   0 143  96 238
238  91 172  99 140 120 194 230 177 226 120 140  99 172  91 238
244 124 124 124 120 147 172 152 146 150 147 120 124 124 124 244
255 231 185 255 228 118 118  93 123 127 191 227 243 155 147 247
255 249 200 218 141  68 124 139  63 103 174  90 110  75 204 253
247 175 216 166 108 159 136 139 143 168 159  77 127 182 169 247
246 173 247 147  75 112 127  93 143  97 131 178 225 138 211 253
247 177 188 191 170  76 107 206 147 197 147 120 124 124 124 244
248 192 194  70 101 147 217 137 128 236 120 140  99 172  91 238
241  97 160 185 190 126 187 126 210 249 124  99   0 143  96 238
238  93 186 121 107  45  43 217 165 167 124 172 143 206  96 238
252 224 177 206 209 132 134 169 144 147 124  91  96  96  94 241
255 255 249 252 253 246 247 247 247 247 244 238 238 238 241 254
254 241 238 238 238 244 247 253 255 255 244 238 238 238 241 254
241  94  96  96  91 124 171 210 224 225 124  91  96  96  94 241
238  96 206 143 172 124 177  73 115 165 124 172 143 206  96 238
238  96 143   0  99 124 206  70  74 229 124  99   0 143  96 238
238  91 172  99 140 120 194 230 177 226 120 140  99 172  91 238
244 124 124 124 120 147 172 152 146 150 147 120 124 124 124 244
255 231 185 255 228 118 118  93 123 127 191 227 243 155 147 247
255 249 200 218 141  68 124 139  63 103 174  90 110  75 204 253
247 175 216 166 108 159 136 139 143 168 159  77 127 182 169 247
246 173 247 147  75 112 127  93 143  97 131 178 225 138 211 253
247 177 188 191 170  76 107 206 147 197 147 120 124 124 124 244
248 192 194  70 101 147 217 137 128 236 120 140  99 172  91 238
241  97 160 185 190 126 187 126 210 249 124  99   0 143  96 238
238  93 186 121 107  45  43 217 165 167 124 172 143 206  96 238
252 224 177 206 209 132 134 169 144 147 124  91  96  96  94 241
255 255 249 252 253 246 247 247 247 247 244 238 238 238 241 254
254 241 238 238 238 244 247 253 255 255 244 238 238 238 241 254
241  94  96  96  91 124 171 210 224 225 124  91  96  96  94 241
238  96 206 143 172 124 177  73 115 165 124 172 143 206  96 238
238  96 143   0  99 124 206  70  74 229 124  99   0 143  96 238
238  91 172  99 140 120 194 230 177 226 120 140  99 172  91 238
244 124 124 124 120 147 172 152 146 150 147 120 124 124 124 244
255 231 185 255 228 118 118  93 123 127 191 227 243 155 147 247
255 249 200 218 141  68 124 139  63 103 174  90 110  75 204 253
247 175 216 166 108 159 136 139 143 168 159  77 127 182 169 247
246 173 247 147  75 112 127  93 143  97 131 178 225 138 211 253
247 177 188 191 170  76 107 206 147 197 147 120 124 124 124 244
248 192 194  70 101 147 217 137 128 236 120 140  99 172  91 238
241  97 160 185 190 126 187 126 210 249 124  99   0 143  96 238
238  93 186 121 107  45  43 217 165 167 124 172 143 206  96 238
252 224 177 206 209 132 134 169 144 147 124  91  96  96  94 241
255 255 249 252 253 246 247 247 247 247 244 238 238 238 241 254
